       N       E                     dE             d eps       ncg     rms          rms(c)
DAV:   1    -0.213613123765E+03   -0.21361E+03   -0.67931E-01  2560   0.542E+00    0.708E-02
DAV:   2    -0.213613211504E+03   -0.87738E-04   -0.23465E-05  2432   0.256E-02    0.397E-02
DAV:   3    -0.213613309793E+03   -0.98289E-04   -0.21157E-05  2368   0.281E-02    0.508E-03
DAV:   4    -0.213613310583E+03   -0.79025E-06   -0.56275E-07  1472   0.492E-03
   1 F= -.21361331E+03 E0= -.21361331E+03  d E =-.213613E+03  mag=     0.0000
