       N       E                     dE             d eps       ncg     rms          rms(c)
DAV:   1    -0.207799717281E+03   -0.20780E+03   -0.97596E-03 20480   0.654E-01    0.208E-02
DAV:   2    -0.207799717669E+03   -0.38845E-06   -0.52004E-05 26872   0.252E-02    0.242E-02
DAV:   3    -0.207799714708E+03    0.29612E-05   -0.10604E-05 19680   0.115E-02    0.164E-02
DAV:   4    -0.207799714875E+03   -0.16719E-06   -0.14849E-06 13224   0.307E-03
   1 F= -.20779971E+03 E0= -.20779966E+03  d E =-.207800E+03  mag=     2.0000
