       N       E                     dE             d eps       ncg     rms          rms(c)
DAV:   1    -0.212038937103E+03   -0.21204E+03   -0.28080E-03  2592   0.345E-01    0.141E-02
DAV:   2    -0.212038935548E+03    0.15553E-05   -0.15267E-05  3536   0.298E-02    0.120E-02
DAV:   3    -0.212038932659E+03    0.28892E-05   -0.27175E-06  2592   0.130E-02    0.124E-03
DAV:   4    -0.212038932697E+03   -0.38588E-07   -0.52200E-07  1280   0.251E-03
   1 F= -.21203893E+03 E0= -.21203893E+03  d E =-.212039E+03  mag=    -0.0000
