       N       E                     dE             d eps       ncg     rms          rms(c)
DAV:   1    -0.211560278055E+03   -0.21156E+03   -0.72762E-03 20480   0.562E-01    0.104E-02
DAV:   2    -0.211560277265E+03    0.79085E-06   -0.10411E-05 26624   0.222E-02    0.865E-03
DAV:   3    -0.211560275662E+03    0.16023E-05   -0.15471E-06 18336   0.982E-03    0.114E-03
DAV:   4    -0.211560275698E+03   -0.35550E-07   -0.39483E-07 10896   0.204E-03
   1 F= -.21156028E+03 E0= -.21156028E+03  d E =-.211560E+03  mag=     0.0000
