       N       E                     dE             d eps       ncg     rms          rms(c)
DAV:   1    -0.211937074839E+03   -0.21194E+03   -0.49243E-03  2560   0.444E-01    0.156E-02
DAV:   2    -0.211937072607E+03    0.22326E-05   -0.23490E-05  3456   0.298E-02    0.121E-02
DAV:   3    -0.211937069741E+03    0.28658E-05   -0.43096E-06  2672   0.125E-02    0.111E-03
DAV:   4    -0.211937069776E+03   -0.35285E-07   -0.44310E-07  1344   0.240E-03
   1 F= -.21193707E+03 E0= -.21193707E+03  d E =-.211937E+03  mag=     0.0000
