       N       E                     dE             d eps       ncg     rms          rms(c)
DAV:   1    -0.210404550191E+03   -0.21040E+03   -0.52537E-03  2560   0.472E-01    0.102E-02
DAV:   2    -0.210404549278E+03    0.91238E-06   -0.10706E-05  3360   0.197E-02    0.829E-03
DAV:   3    -0.210404547922E+03    0.13565E-05   -0.21512E-06  2304   0.845E-03    0.103E-03
DAV:   4    -0.210404547935E+03   -0.12875E-07   -0.25201E-07  1344   0.192E-03
   1 F= -.21040455E+03 E0= -.21040455E+03  d E =-.210405E+03  mag=    -0.0000
