       N       E                     dE             d eps       ncg     rms          rms(c)
DAV:   1    -0.213207590048E+03   -0.21321E+03   -0.90197E-04 22304   0.148E-01    0.138E-02
DAV:   2    -0.213207588409E+03    0.16394E-05   -0.15167E-05 26240   0.259E-02    0.112E-02
DAV:   3    -0.213207586084E+03    0.23251E-05   -0.21222E-06 15616   0.112E-02    0.156E-03
DAV:   4    -0.213207586164E+03   -0.80701E-07   -0.11432E-06 11504   0.270E-03
   1 F= -.21320759E+03 E0= -.21320759E+03  d E =-.213208E+03  mag=     0.0000
