       N       E                     dE             d eps       ncg     rms          rms(c)
DAV:   1    -0.209879320421E+03   -0.20988E+03   -0.68741E-03 20512   0.541E-01    0.154E-02
DAV:   2    -0.209879319530E+03    0.89067E-06   -0.24614E-05 25264   0.267E-02    0.139E-02
DAV:   3    -0.209879316021E+03    0.35088E-05   -0.53747E-06 21392   0.130E-02    0.109E-03
DAV:   4    -0.209879316057E+03   -0.35565E-07   -0.37393E-07 10608   0.212E-03
   1 F= -.20987932E+03 E0= -.20987932E+03  d E =-.209879E+03  mag=    -0.0000
