       N       E                     dE             d eps       ncg     rms          rms(c)
DAV:   1    -0.213650998145E+03   -0.21365E+03   -0.63457E-01  2560   0.524E+00    0.666E-02
DAV:   2    -0.213651078788E+03   -0.80642E-04   -0.21077E-05  2432   0.245E-02    0.375E-02
DAV:   3    -0.213651166402E+03   -0.87615E-04   -0.19156E-05  2368   0.281E-02    0.412E-03
DAV:   4    -0.213651166806E+03   -0.40373E-06   -0.93490E-07  1472   0.689E-03
   1 F= -.21365117E+03 E0= -.21365117E+03  d E =-.213651E+03  mag=     0.0000
